1156.0
1630.0
1624.0
1603.0
1552.0
1523.0
1577.0
1613.0
1546.0
1560.0
1583.0
1617.0
1609.0
1556.0
1557.0
1528.0
1601.0
1577.0
1572.0
1544.0
1593.0
1618.0
1554.0
1566.0
1533.0
1590.0
1612.0
1623.0
1596.0
1568.0
1569.0
1627.0
1622.0
1556.0
1583.0
1533.0
1526.0
1585.0
1565.0
1595.0
1550.0
1558.0
1555.0
1527.0
1595.0
1569.0
1563.0
1524.0
1589.0
1614.0
1615.0
1607.0
1594.0
1569.0
1621.0
1524.0
1531.0
1605.0
1544.0
1560.0
1617.0
1526.0
1619.0
1539.0
1578.0
1613.0
1537.0
1552.0
1591.0
1580.0
1598.0
1567.0
1587.0
1534.0
1594.0
1608.0
1609.0
1609.0
1548.0
1581.0
1547.0
1565.0
1592.0
1590.0
1593.0
1611.0
1552.0
1569.0
1545.0
1545.0
1550.0
1543.0
1591.0
1556.0
1565.0
1563.0
1569.0
1624.0
1574.0
1604.0
